m1 = 290;
b = 1000;
m2 = 59;
k1 = 16182;
f = 0;
k2 = 19000;
z1 = 0.05*sin(0.5*pi);
z2 = 0.05*sin(20*pi);